149
9 34
9 36
99 140
7 37
0 17
124 128
10 44
18 20
27 28
50 86
73 74
107 127
8 33
3 40
25 26
0 25
70 80
81 82
112 121
1 36
51 78
53 63
0 7
1 11
72 76
102 105
4 29
90 113
74 77
1 8
0 4
14 31
2 3
0 30
46 62
16 19
32 65
53 67
48 58
42 56
1 18
1 18
60 62
16 25
72 103
82 99
65 78
95 101
30 34
95 97
96 97
42 53
45 85
5 24
2 4
77 91
41 54
58 70
24 26
25 29
62 81
60 75
4 7
23 50
5 11
11 15
31 41
38 82
51 69
6 14
23 32
1 2
65 67
51 68
21 34
65 74
23 44
59 71
0 4
40 67
2 8
30 41
8 14
0 8
10 11
59 60
14 33
1 11
30 34
30 55
48 59
0 9
12 31
28 30
17 32
16 25
7 9
33 41
12 29
32 33
15 19
1 4
10 13
39 44
35 36
28 42
28 32
2 6
18 24
17 22
27 35
24 32
21 22
11 18
11 14
2 4
2 4
21 26
1 3
7 13
8 9
9 10
0 5
16 24
16 21
12 14
5 6
0 1
9 19
0 2
4 7
10 18
4 6
8 10
3 7
3 6
10 13
6 10
7 8
9 10
7 9
0 1
2 3
2 6
4 5
0 1
1 2
1 2
0 1
