149
9 34
9 36
99 140
7 37
0 17
124 128
10 44
18 20
27 28
50 86
73 74
107 127
8 33
3 40
25 26
71 81
82 83
113 122
1 37
52 79
54 64
0 32
7 37
104 107
0 4
92 115
8 11
74 78
71 75
51 67
19 22
37 70
58 72
83 114
93 110
107 113
38 42
16 33
45 59
105 107
2 3
72 85
104 105
49 64
50 59
68 80
18 30
31 33
1 7
31 35
70 90
68 83
44 55
15 22
2 27
8 18
44 82
0 19
1 18
0 5
74 77
28 53
59 77
49 79
2 4
3 11
54 72
22 49
49 50
4 7
15 16
5 17
68 69
1 14
35 75
21 40
57 73
56 60
23 45
28 38
26 36
60 67
10 17
56 62
35 39
5 11
18 32
33 57
27 36
9 13
16 35
0 13
28 34
46 56
17 26
34 46
18 26
35 36
34 48
24 30
6 12
7 8
33 42
12 28
30 34
36 38
20 24
26 36
3 5
2 4
12 16
24 38
4 7
0 1
8 11
4 5
17 30
11 12
22 25
8 14
9 14
15 18
17 25
22 26
1 5
9 11
14 23
20 22
2 3
7 10
5 6
14 18
0 1
9 10
10 12
5 6
11 13
0 3
1 2
2 5
7 8
3 8
2 5
3 4
2 4
0 1
1 3
0 2
0 1
