149
9 34
9 36
99 140
7 37
0 17
124 128
10 44
0 36
18 20
0 4
26 27
48 84
71 72
105 125
7 32
17 37
0 6
0 37
3 36
23 24
66 76
77 78
108 117
2 3
1 33
1 9
0 21
44 71
46 56
71 74
50 60
96 99
1 6
84 107
1 20
1 2
66 67
63 66
44 59
41 55
15 18
1 17
4 23
28 59
49 60
1 4
1 5
1 3
0 17
0 3
11 18
32 42
39 80
0 11
0 1
62 92
72 88
85 91
25 32
20 35
21 25
32 41
71 86
0 7
50 63
80 82
0 2
80 81
32 68
30 43
31 42
19 35
44 56
15 17
29 40
17 29
16 20
46 64
57 69
44 59
29 69
6 9
14 36
0 8
54 56
0 10
0 6
13 19
47 60
37 54
15 22
12 14
32 50
13 14
11 12
11 24
11 23
12 17
23 48
1 5
18 26
10 19
26 27
32 33
33 39
0 1
0 3
8 9
0 4
0 4
34 35
6 15
14 15
0 5
18 24
6 8
11 12
16 32
16 22
0 2
15 22
4 11
10 14
5 11
4 6
11 21
9 11
11 18
0 1
16 18
3 8
3 6
3 7
3 14
3 9
0 1
2 10
2 4
2 4
2 4
2 9
2 8
2 5
0 1
1 4
1 2
1 2
1 2
0 1
