0.3386459678957412 1.2498298154062653
-0.5637973339269845 -2.4912626631808577
-1.1096785452976818 1.2180601144516157
-0.53783905503475 -0.5388250844115006
-1.2244346711839893 0.8636770807598547
-0.7789892808208255 -1.1453209690195099
-1.2388724138988518 1.615416191872806
0.9817076383878017 1.0592498897426599
-1.6194452156215549 1.5403606316523346
-0.4058027605775103 -1.4957522537695267
1.3262236961443223 0.32817171543029144
2.0611033476577867 -1.6335291073242129
-1.2041081668058884 -0.9755633988206954
0.23542502717114522 1.515677612695862
-0.7160735320114314 -1.8629855208759112
-1.4505658423172316 -0.625950084140322
-0.4938945643069115 0.8867710042299116
-1.1294373645922795 0.3564515115692046
0.4679407886107996 -1.3475396023181196
-0.3934619190147547 -1.760281372269565
1.7305672322760433 -1.304504859834306
-0.8444281971326084 -0.7377975799397509
1.2347030870401077 -0.5902133132158869
-0.995378365107498 0.5628196562567234
0.40057458364544996 -0.9147619031169736
0.8430972918355575 1.2025726094136415
-1.049278556077679 1.1554359502839173
-0.3536613896375238 -1.8185937474791387
2.151759151538462 0.46266984242375375
-0.6313898620361227 -0.05346489151413236
-1.471831018738313 1.1735964545259272
1.5503697212815832 0.6996832100621171
-0.755904506779397 0.3458626537954367
1.6832235768105774 -0.7132293443216753
-1.1907658972610604 1.2583724044702913
-0.16329280814378944 1.969480873034056
-0.9522578325376208 0.7224464125321275
-0.3186837508836975 -2.6069882574255683
-0.6590985339417438 0.17199184711232207
0.7476624976972277 -0.7890471967140678
-1.3619159778350247 -0.874512453306302
-0.9267484315597064 0.8837607048898295
2.1514495441323938 -1.5676969469359592
-0.3653134033589054 -0.12521189131064148
1.1446936429892793 1.1469997798519949
-0.7357404939068428 0.9774926368467447
-1.3836675599375412 1.3414116841762904
-0.9638186841651737 -1.4674510248020303
1.7083200161006755 0.2985272743919273
-0.6617194421546719 1.4817280589506228
-0.508174481581813 0.20254793557793915
-1.6469147041442413 -0.2950594043801795
0.9734960573735179 0.995568123026406
0.610098154229239 -0.21946565143557617
1.0827553233949283 0.8389835332063265
0.5085990429162071 1.3797344057382375
1.211362490046807 0.7434651688225692
0.20984857007978164 -0.9121492607428404
0.8055339026956502 0.9444583484273089
0.6983032811692147 -0.7757990491158753
1.290189662992054 -1.1402834466368459
1.5279021337819674 0.7632182513436067
1.6773368741083146 -1.8793245494445223
-1.3425477171589129 -0.6849868206471643
0.9988553648844524 1.225880518119709
-0.7920572993742476 0.14569327226075612
0.5371989404816736 1.2906494876590822
-1.6887608486876107 1.9002629554078174
-0.2444707212641717 0.09513898926639963
-1.8409817978001448 0.6201634278932235
-0.10934486436721191 1.7755491573190532
0.8787028526548987 1.3068241119160242
2.1080790122263835 -1.9279902997684792
1.182441259084305 1.110794917715157
0.07783593182468262 -0.560861005567965
-1.1192656769376272 1.0543425638344672
1.8876765310603738 -0.8837466297911439
-1.500324188460598 -0.05084473349091312
1.2766696418663164 0.8280021155396897
0.36165558436977463 1.6020993516448605
-0.2814704403934978 -1.5770386961469218
1.4406410040262931 -1.306689108343686
1.437878107526637 -0.7684895353143533
0.9214818211268507 1.1765565988999542
-0.06526033773542905 -2.7843525731115166
1.863831190714356 -2.0784597383545274
0.9625669559811216 -0.5829633421502997
-1.2410940236419004 0.723187782254039
-0.9966482517107713 -1.2559088230250042
-0.6212734039168826 0.3916712749410307
-0.6625083254223749 -1.4624024544134597
-1.4564561383040582 0.13516327595836564
1.2939460661738473 0.936455757582529
-2.331186790883215 2.511802230470603
-0.41564645004929435 0.9224859868033549
2.2013756015612547 -1.3114516516044177
-0.38913729208448944 0.5241779654633446
-1.1545154684086927 2.6573151138659266
1.620959442612956 -0.4140250055263368
1.4023587437311753 -0.677536432990651
0.3922685315912452 1.3358345690031799
-1.3487726438097811 -0.736852011621417
-0.7691217944081378 -1.673817568751013
-0.8636458415851527 1.1177363877772233
0.7506867504040236 -1.2258177238171781
1.47401277106119 -1.7354912712632
-1.3054411437652584 1.4240955025561508
1.379051178072442 -1.100340125387484
-1.3877660138032777 -0.4777914383293588
-1.6123734347277248 -0.6359457232567207
2.031130495524738 0.14490905199325887
1.4144086702733578 0.8355587233499965
-0.5207053289387813 -1.6806834614918817
1.0808241013131314 0.7224429574761073
-0.5640562358432868 -0.32636335013944573
-2.1225374789014904 1.0732240947798948
0.21335966353058877 1.4702458181692037
-1.1827434547376805 -0.09172188416949312
-0.018736572579994615 1.8514798584670025
-1.6962429046473704 -0.20739606054476567
-0.15693978839189637 1.6831889101535404
-0.4258439968092379 -1.3678432763414077
-1.1124339924065185 1.6203195476001229
0.7709387809843143 -0.14220622921244153
-1.245427839345781 -0.8226612942416046
-0.4416773140836132 0.38206250840921063
0.4953031934323011 0.9328852680975552
0.3976382774151904 1.3857281057969633
0.05898771791212942 1.6916928512538678
-0.5219515989686154 1.02455941173924
-2.029576359244962 0.37043003964900456
-0.8356526631718275 1.8998970494941778
2.7472940369731003 -1.6421232377469277
-1.8290978233716286 1.129726899536792
-1.83299400500367 0.5131314616455267
0.9763385725892483 -0.37545961034518094
-0.555648174489412 -1.8884783399156362
2.2519411123460444 0.4903668143014228
0.7663014212021684 1.1517005546127064
1.900887094258274 0.1752445122476205
-1.9272547305617589 0.9032168738475757
1.752834932024177 -0.7776870741884774
-1.4493455926585044 -1.2274310711055956
-1.5338897032548613 -0.7629285311289007
0.8698452700189947 -1.484821613456508
0.5981391095394256 1.293889584520671
1.0907640430558834 1.2659734060338643
-1.1598342473465397 -1.240165439484889
-0.7490897766910949 1.459412566495567
-1.3140816638924815 -0.35986304595234453
0.16634677659664843 1.7988871393516648
0.798272474219341 1.0758786994538143
0.797215376173803 0.9315772040577561
-1.4664792294562077 -0.32768724935372984
-1.4373661730231853 0.32486111489319924
-1.4111716039761184 1.2215134098291653
1.4681688197884428 -1.5916820672263536
0.3051263591505696 -0.6029678691293311
0.09702116892881674 -0.5882199680707016
-0.6249146282620947 0.13449608080453768
-1.1505898438896593 -0.3080520424509793
-0.7385085374774043 -1.2911054781560138
1.87091928562312 -2.8087132524155303
1.445108391779161 -0.3459301133430456
-0.8420640356153557 -1.0001935207882517
0.9373464019489365 1.0341765716364097
-0.36715747725106573 -1.9477051885964782
-1.8382486099805095 1.8584845274229242
-1.2090665066137471 1.28091114506292
-0.42958357140066195 -1.6409676081667226
-1.582250653901575 -0.13210754586896412
-1.2100909819901529 3.076106453742642
-1.6055159000532255 1.4806147324326022
-2.0746362841044568 0.6143375141255059
1.635942331169158 0.6197579675471716
0.6166242652335412 -0.21735064229243173
1.028240431119373 0.7932549073353932
-1.4060538830742642 -0.937961917490475
-0.07818915804684712 -2.561453615169554
0.49481895000572274 -0.4681846925242289
1.5115033084441174 -0.5346174468062189
-0.9811682680696302 1.1106689217669106
-0.866365067735556 -0.7404702374378092
-0.7041156401095672 1.4019695237821443
-0.9919200556232428 2.1516299496555096
-0.6280612330892029 0.6457435773324203
-0.40996018393960365 -0.4339950336414613
0.96305954708935 1.064126787607444
-1.240890013559883 -0.5453651354681026
-0.8678178201035984 -1.539251282603812
1.286253657394024 0.8194093811934925
-0.2789693904202468 1.2689615974423347
-1.6425286755311372 1.146754156612694
0.6671764206280555 -0.8245516700982208
4.183254884339037 -1.3869639932867082
-1.1539721221875425 -0.8480594662156462
1.052173911137913 0.7946928100172663
-1.2965245630797195 -0.296704495521543
-1.3827183360029225 -0.5487293006394018
1.3307202500001363 0.647181447636821
-1.295775635442646 -0.551872362111529
0.551735858205211 -1.5132732892659546
-0.052654320525616916 1.600632651512826
0.8230652353631829 -0.09071854552717418
1.4281263131147508 0.7843622039512423
2.0322149959446127 -1.0634459560096072
1.1858525469123664 0.8468287773927275
-0.9436931194345368 -0.9615374639094846
0.5901240779406681 1.3854087455670183
1.0004754941122405 0.8473382217082759
-1.499262772663246 -0.32256683925064644
-0.9496379798375902 -1.196541050108134
-1.208236786323003 1.8302651680705813
-1.1455066235514733 0.041977702038646036
1.2940723277138364 1.0085093373595742
0.2802038403365307 -0.45018515625471245
-1.4262481874643453 -0.416578564286884
-0.8511519879501696 -1.151404705475221
-1.3549719941264733 1.7575931149365438
-1.648968311474368 1.112515351506596
0.4281068115934543 1.3051836864937583
0.6430830679176994 -0.7758484907267307
-0.9078613953443796 -1.0756810810671764
1.6866087178827494 0.6550960579440456
-0.7544363545029011 0.8951384441684279
1.32287294578461 0.3584611040356803
-0.1972916379709191 0.17726134980804464
0.23741778523328816 -0.6198673294150971
2.468069960748167 -3.038347908364778
0.4176961044553902 1.1357893022546588
1.3821328396039854 -1.0302250265791069
0.3313937772327926 -0.8306107081854016
1.3245636334700417 0.7371667465876071
1.3936092931036073 -1.3364254520172425
0.7883237992907173 1.2781176545646087
-0.3136589605319886 -2.07527727457783
-0.7965998455988426 -0.17903815607081497
-1.9761602608896527 -0.1716797538765371
1.9090222813249382 -0.9778978359229333
-0.8136983781780353 1.4696704942994312
-1.4448031855228143 -0.024634106583336535
1.0293697938943704 -1.2657177685287286
0.3391345218051651 1.4355657554679087
-1.073300553118198 -1.0651408036012846
-0.7011500385600952 0.6530240198562496
-2.0970366961544515 2.168984094487717
0.5401640740016539 0.9195711254596173
-1.1529490317358373 -0.31820643527593995
-0.9105464388739971 -1.2319362889848469
-1.1893957044623003 1.8805215714572068
1.1664274586496761 0.9985841146378429
1.6187023281143933 -1.6577331659904817
-0.30471985094804177 -0.7722756790620307
2.1794751448658127 -1.597053604758298
-0.5491934386977523 0.08907359625334843
1.8423272182696215 -1.5478374432338269
0.09966548468881054 -0.22217855424598698
-1.050569249182986 -1.0833970816744853
-0.9558466655191216 -0.9710984965136233
1.7022548680278626 -1.3075244122881393
-0.1273301067814907 0.8214865552067885
0.34525938249990196 1.5486897145355187
1.817321804632508 -1.762654979426897
-0.6138740720119122 0.12871726911301207
0.8099683339359854 1.0407271750413416
-1.1871656638591954 -0.02178205685688006
-1.2331944786750637 0.7586928704775155
0.386102142397061 0.2803039977259385
-1.42462342976981 0.9617461451647866
0.3408161767617851 -0.4805624298725727
1.1406387832789837 -1.2047197682033208
3.0485147796920664 -2.2282187018407242
-0.19075272176381874 -1.0652505604813216
-0.3161602785915243 0.5483697075026008
-1.1107257230064798 1.4658681664952173
1.6776344920450148 -0.9242846368984613
-1.4255064498899708 1.396301669052867
-1.3815392043002632 -0.9206413393889282
-0.6986399269678709 -1.4911674068234526
-0.36563450885171833 0.7259072445815812
0.3323418780852303 1.6371417175622143
2.17297154863714 0.3609453221128711
0.2658998319118049 -2.8702465148440663
2.703077357998367 0.0817820938697098
0.7945657366346223 1.0880609713388896
-1.983835777444884 2.1691759805107695
-1.2026866015915498 -0.453734346650021
2.0382905869636603 -2.476682452990489
-0.6989966440219972 -1.7448298315967465
0.4322709796479579 1.4786902007934373
0.6989181793850148 0.9172607875794698
-0.3496857496650463 -2.26240226304827
-1.1366908423187716 -0.46825366509588695
0.7943051012914968 -1.4395142937938845
-0.9791586044627352 0.20071305160648933
-0.6137357214999903 -1.5964720376876254
0.789575452712398 1.3863034550177635
2.108321327879745 -1.8050511066578068
-1.5649319925558771 -0.4346047076622077
1.0500258159772513 0.9521731359101581
0.48408670626859074 1.4037732382677923
-1.321290511768233 -0.524996643359173
1.3039255389023654 -1.4574411717109013
-0.6718353940923432 -1.4737548763396622
2.0004474070777296 0.5988544953246786
0.17911642211566037 1.8090553347133431
-0.8610728054402141 2.3806391713519153
-1.3374293490664906 -0.35815515805511966
0.09297501888922233 1.6957274053124352
-0.5126455268778082 -1.7187300609445137
2.340845540955515 -2.148523001698893
-0.3327880915838155 0.6250365386447907
1.615233768818264 -0.9008983426999668
1.5004624504120425 -1.6909690001398618
1.6240878164685868 -1.056673889147759
-0.6811620887428775 0.8971676538702432
-1.3348764022938022 3.3218371519840675
-0.34749079438987174 0.3761894317834489
0.7959984303037166 1.5855093636205766
0.91822287326429 -1.0678198766180185
-0.9106902054664155 -1.0897210176386694
-0.7289115629427693 0.1574224014775576
-1.1032679842475193 -0.9111947534359734
-0.8081345200590111 -2.106327441574968
0.10246065316365027 0.4844826556578622
-0.45288480458656555 -1.8641271677159448
1.3054664797700695 0.6334942094857561
1.3773828458535902 -1.3171803102688822
0.5873297514531485 1.2718775932062152
1.0925981593310305 0.8435607193005901
-1.4542853319733748 -0.7011409959214728
-0.8987218229868631 -1.174868582386999
-0.33684314800392756 -0.27368199553661143
0.3019330154800872 -1.0962421533934585
-0.16202490162907546 1.1891706808000082
1.844616415173263 -1.5195430364667122
-1.1337023903834538 -0.9464831460577218
-0.7120485761900515 0.03676992999757678
-0.44996394971838205 -0.3649855269836635
-0.19770973043633022 -2.2434855607936064
1.3073683302792496 -1.3731858572925884
-1.3789643945119154 0.9099081594215656
-1.1872989043607973 -0.9015179504106223
-2.3088744720805376 0.6690368352841622
1.0329725091032 1.03110053823435
-0.9221508810175528 -1.3500196275366334
-1.0338464426747358 -0.6997521076795711
1.201994273811249 -0.31581282850913417
0.3543043783385935 0.12317081144220832
2.4910659813249585 -2.2611568583023196
-1.327804569775557 -0.8496368847804529
-1.6623308653330335 0.31371494101833197
-1.3485689796914162 0.9096335105712468
-0.767946312177217 -2.0311011502817253
1.1553742114633634 0.7275802461017147
-0.5235302673455826 -0.2926543659179057
-1.4062032718031898 1.1190977147951062
1.0206769888542504 0.6054382308810355
0.8744147770735677 1.204688963498177
-0.5272874316738343 0.8935856581241124
-1.0365316286272137 1.1757841555067925
-1.224019592851126 -0.19251019101229105
-1.364442380613096 1.2013889963116404
-0.49313659158309164 -0.5857694456295787
1.154077460243334 0.7881316877632013
1.159908885537118 1.0097697434760369
0.3452656790535602 1.361439303545785
2.6906416970244686 -1.8717570387417921
-1.0139211383329552 1.7076410874605539
0.7419045263347854 1.1644668351196983
0.10039239752764528 -0.669915578849988
1.1421050219385223 -0.8111576113468875
1.889865278389112 -2.160248897782062
1.5449379184297267 0.5559278212936268
0.07575293914181858 -0.5911289278551007
1.9556992170971785 -1.6497387338132843
-0.22859062253512608 0.10965001114984008
1.904507183124906 -2.482033848985826
-1.3697635812505986 3.0257874842680694
-0.9705995323970168 1.0392446454419282
0.20342974426894478 -0.27220898004701777
0.4572096641972445 1.1323406287377464
1.079220659373611 -1.0010797291777525
-1.1751035451576746 0.7666406279612576
-1.0832408592949516 0.04225458643180291
1.3929688466904144 0.5949002893192337
1.1065658128792204 -0.5678107248203493
-1.0267874782250312 -0.34094465738590585
-0.648814679688909 -1.2956256072726982
1.7615306035425973 -0.5947669850533248
0.783954844796531 0.9019970837079863
-0.2926488124000366 -0.2290808896266956
-0.3367991256132896 -1.3600893129525382
1.13159864636502 0.7138084132264528
-0.6039602572073783 0.5810264455107572
0.7913284703009908 1.155303950141372
3.1367770896244695 -1.3523199379878528
-0.8948466738946798 -1.2754826953315574
-1.070048999320327 1.616083258095728
-0.26678405378248726 -2.0291216666267022
0.5352595696892144 1.5239455108274398
0.9318698704088175 -0.9218619103506371
-1.2435530125827077 -0.6869439979713969
-2.002190810378115 0.15404475250299532
0.2850442095075074 1.6547302383511822
0.08943508973812697 -0.2205781796763705
1.6658388776762263 -1.1933449344216476
0.590249897844943 1.1131569279795006
0.16576580378307093 -2.336647626714841
-0.2755980130106278 0.2543093897281833
-1.7488646058553188 -0.011467140609113136
-0.9272756968664758 -1.3437631086316237
1.4743087360813067 -1.3637541809677103
-0.9695326990078497 -1.2368147466649346
-1.3134374210096973 -0.10296850233031107
-1.0205182048751502 -1.6109214130821536
0.535676395395885 1.2022583940579044
0.8912971983552984 0.8940301119518589
-1.6120529631578104 0.8466346375841679
-0.33145786232623975 0.23743718914570933
-2.2539867430508895 0.4964005658529069
0.8841879988842892 1.0810134078737768
-1.026127542979339 -1.1415606786594465
0.5806947742399657 1.12596444140509
2.665875914954525 -1.6732029627147083
0.6836879399065056 1.4836428251924172
-0.922304169543511 0.8448752336145577
-1.739586574512264 -0.45230836891249127
-1.0199139016414578 1.2823872742845026
1.8898296315525367 -1.4442399736158116
0.39917449712314146 1.1053147312683311
-0.9923624408759693 -0.5586091142591294
-1.030984750725992 1.0950822540990328
-0.39288429084818 1.568822381481385
1.0859588592292597 -1.2388648899833217
1.1625505647200902 0.8725613420829897
0.39812924574259845 -1.3931779887323574
-1.6078330781585657 0.7944955691370457
-1.1999217156960038 -0.5878475461559322
1.4473504017290018 0.7895909621249593
-1.0666888950451772 -1.494139314349789
0.895126295121935 1.0616222908487347
-0.039316959054795375 -0.1573015105444293
-0.570195763414089 -1.2527030401399157
0.32699052487715274 -1.8165993358943187
-0.8625909310612244 -0.8036070621238568
-1.0078441673160639 1.5870517433834155
1.9584911381969339 0.41777873218238815
-0.43473732942488175 -2.0153615154865285
-1.330281644216209 -0.5265057884619685
0.7343787563687131 1.1757432796089038
-0.14126974321381824 -0.07340027651909464
-0.7064620517671847 0.8885307957885352
1.1117761155723163 -0.8149709322328413
1.3403235453303994 0.7008345659294019
-1.4077476392909283 1.2470044967447038
0.609718848352423 1.2886549125569653
-0.8357140911748705 -0.8539972367634121
0.966962971987857 -1.418543428150181
-1.707732718938763 0.521984020597343
-0.14157862051318248 0.6349783324056626
-1.315216731663109 1.5479706060865266
1.7100916595980327 0.6923971581660229
0.20978336047238277 1.3788767577485594
1.1591126993834036 0.930287895659369
0.5570988593988995 -0.5433835135027953
0.7761424016634009 1.226836723907043
2.5419564955861684 -2.1395361238616313
1.6137232750471742 -0.9095007822174612
-1.183695091104137 0.6329205374805483
0.5963489957526763 -0.641273642412951
-0.734660884492788 -1.232343918180913
2.2472849763932783 -1.5876498191138548
1.37052270134426 0.9122562363126834
-0.6014818189085716 -1.486436240749315
-1.1728306320540167 1.8916861494758865
0.4162744590902995 -0.3685845796832681
0.5997760442450966 1.4039465798039819
-0.741803003533303 -1.1466276547276475
-0.1611422139257388 1.5045205362520386
-0.5298903544497582 -1.6734371218926363
0.9062800689078971 1.2297430365959108
-0.07322848772677004 -0.29058419579614414
-1.5401234402084591 1.497518225315694
1.322768438918393 0.5152765922781292
-0.8354549749310916 0.022239045142898983
-0.8729606435179438 -1.49136509363277
-1.1878743576872492 1.5974196489136314
0.8320917411014814 0.9833039026756841
-1.28940043232521 0.5664058518410308
-0.1895284129564584 -1.6621647788920675
0.20902623411434162 0.03360364537905691
-1.443728165862353 -0.7320365447662485
-0.46112321188293837 0.6450514810085975
-0.755955520668542 0.9790127171957403
1.1306555248060484 0.772226985996934
0.3038275745652318 1.3584277507812184
1.8107045281530243 -0.9634275573367007
0.997938273332009 0.847019741304493
-1.0275289620120824 -1.0602880665037449